        0.00000    3.39000e+19
     0.00710665    3.42700e+19
     0.00895380    3.45100e+19
      0.0102497    3.43700e+19
      0.0112811    3.45100e+19
      0.0121522    3.46900e+19
      0.0129136    3.49200e+19
      0.0135945    3.51000e+19
      0.0142135    3.51500e+19
      0.0147828    3.49800e+19
      0.0153107    3.52200e+19
      0.0158050    3.55400e+19
      0.0162704    3.58100e+19
      0.0167101    3.64400e+19
      0.0171279    3.75600e+19
      0.0175263    3.94600e+19
      0.0179079    4.29500e+19
      0.0182729    5.08500e+19
      0.0186248    6.20300e+19
      0.0189630    7.71800e+19
      0.0192899    9.70300e+19
      0.0196065    1.16000e+20
      0.0199121    1.27400e+20
      0.0202097    1.48600e+20
      0.0204975    1.59200e+20
      0.0207776    1.61100e+20
      0.0210495    1.63500e+20
      0.0213131    1.63600e+20
      0.0215711    1.65000e+20
      0.0218218    1.66000e+20
      0.0220661    1.66800e+20
      0.0223046    1.67900e+20
      0.0225371    1.68600e+20
      0.0227641    1.69900e+20
      0.0229851    1.74300e+20
      0.0231965    1.94700e+20
      0.0233826    2.47300e+20
      0.0235270    3.55300e+20
      0.0236262    5.81300e+20
      0.0236862    1.00100e+21
      0.0237208    1.22200e+21
      0.0237490    1.32700e+21
      0.0237749    1.40700e+21
      0.0237992    1.48300e+21
      0.0238223    1.58500e+21
      0.0238438    1.66300e+21
      0.0238642    1.72600e+21
      0.0238839    1.81100e+21
      0.0239026    1.88000e+21
      0.0239206    1.94700e+21
      0.0239379    2.02100e+21
      0.0239546    2.07900e+21
      0.0239708    2.14600e+21
      0.0239864    2.21300e+21
      0.0240016    2.26600e+21
      0.0240163    2.33000e+21
      0.0240307    2.38600e+21
      0.0240447    2.43500e+21
      0.0240584    2.49200e+21
      0.0240717    2.53800e+21
      0.0240848    2.58200e+21
      0.0240976    2.63200e+21
      0.0241102    2.67100e+21
      0.0241226    2.71200e+21
      0.0241348    2.75700e+21
      0.0241468    2.79400e+21
      0.0241586    2.83500e+21
      0.0241702    2.87900e+21
      0.0241816    2.91700e+21
      0.0241929    2.95700e+21
      0.0242040    3.00100e+21
      0.0242149    3.04000e+21
      0.0242257    3.08000e+21
      0.0242363    3.12400e+21
      0.0242468    3.16400e+21
      0.0242571    3.20500e+21
      0.0242673    3.24800e+21
      0.0242773    3.28900e+21
      0.0242872    3.32900e+21
      0.0242970    3.37200e+21
      0.0243066    3.41300e+21
      0.0243161    3.45300e+21
      0.0243255    3.49400e+21
      0.0243348    3.53600e+21
      0.0243439    3.57500e+21
      0.0243529    3.61500e+21
      0.0243619    3.65600e+21
      0.0243707    3.69500e+21
      0.0243794    3.73400e+21
      0.0243880    3.77400e+21
      0.0243966    3.81300e+21
      0.0244050    3.85100e+21
      0.0244133    3.88900e+21
      0.0244216    3.92800e+21
      0.0244298    3.96500e+21
      0.0244378    4.00200e+21
      0.0244458    4.03900e+21
      0.0244538    4.07500e+21
      0.0244616    4.11100e+21
      0.0244694    4.14700e+21
      0.0244771    4.18200e+21
      0.0244847    4.21700e+21
      0.0244922    4.25100e+21
      0.0244997    4.28500e+21
      0.0245072    4.31900e+21
      0.0245145    4.35200e+21
      0.0245218    4.38500e+21
      0.0245291    4.41700e+21
      0.0245362    4.44900e+21
      0.0245434    4.48100e+21
      0.0245504    4.51200e+21
      0.0245574    4.54300e+21
      0.0245644    4.57300e+21
      0.0245713    4.60300e+21
      0.0245782    4.63200e+21
      0.0245850    4.66100e+21
      0.0245917    4.69000e+21
      0.0245985    4.71900e+21
      0.0246051    4.74700e+21
      0.0246118    4.77500e+21
      0.0246184    4.80200e+21
      0.0246249    4.82900e+21
      0.0246314    4.85600e+21
      0.0246379    4.88200e+21
      0.0246443    4.90900e+21
      0.0246507    4.93400e+21
      0.0246570    4.96000e+21
      0.0246633    4.98500e+21
      0.0246696    5.01100e+21
      0.0246758    5.03500e+21
      0.0246820    5.06000e+21
      0.0246882    5.08500e+21
      0.0246943    5.10900e+21
      0.0247004    5.13300e+21
      0.0247065    5.15700e+21
      0.0247125    5.18100e+21
      0.0247185    5.20400e+21
      0.0247245    5.22800e+21
      0.0247304    5.25100e+21
      0.0247363    5.27400e+21
      0.0247422    5.29700e+21
      0.0247480    5.32000e+21
      0.0247538    5.34300e+21
      0.0247596    5.36600e+21
      0.0247654    5.38900e+21
      0.0247711    5.41200e+21
      0.0247768    5.43400e+21
      0.0247825    5.45700e+21
      0.0247881    5.48100e+21
      0.0247937    5.50400e+21
      0.0247993    6.35000e+21
      0.0251174    9.56000e+21
      0.0253287    1.36800e+22
      0.0254721    1.71100e+22
      0.0255816    2.24800e+22
      0.0256688    2.83500e+22
      0.0257399    3.25400e+22
      0.0257995    3.64000e+22
      0.0258506    4.16700e+22
      0.0258951    4.92000e+22
      0.0259341    5.65800e+22
      0.0259682    6.31200e+22
      0.0259983    6.86100e+22
      0.0260252    7.43800e+22
      0.0260497    8.03600e+22
      0.0260721    8.60200e+22
      0.0260931    9.10900e+22
      0.0261129    9.62800e+22
      0.0261317    1.01600e+23
      0.0261498    1.06700e+23
      0.0261673    1.12000e+23
      0.0261843    1.17800e+23
      0.0262008    1.23300e+23
      0.0262169    1.28700e+23
      0.0262328    1.34700e+23
      0.0262485    1.41400e+23
      0.0262639    1.48300e+23
      0.0262790    1.55400e+23
      0.0262941    1.62800e+23
      0.0263089    1.71000e+23
      0.0263236    1.79300e+23
      0.0263381    1.88600e+23
      0.0263525    1.96600e+23
      0.0263669    2.07000e+23
      0.0263811    2.17800e+23
      0.0263952    2.30000e+23
      0.0264092    2.51200e+23
      0.0264230    2.72600e+23
      0.0264368    2.94700e+23
      0.0264505    3.17800e+23
      0.0264641    3.41700e+23
      0.0264777    3.66500e+23
      0.0264913    3.91900e+23
      0.0265048    4.18000e+23
      0.0265184    4.32300e+23
      0.0265319    4.43500e+23
      0.0265454    4.54700e+23
      0.0265589    4.65900e+23
      0.0265724    4.76400e+23
      0.0265859    4.86300e+23
      0.0265994    4.96000e+23
      0.0266130    5.05500e+23
      0.0266266    5.14800e+23
      0.0266403    5.23800e+23
      0.0266540    5.32400e+23
      0.0266678    5.40600e+23
      0.0266817    5.48200e+23
      0.0266957    5.55300e+23
      0.0267098    5.61800e+23
      0.0267240    5.69400e+23
      0.0267384    5.78100e+23
      0.0267530    5.86700e+23
      0.0267677    5.95500e+23
      0.0267827    6.03500e+23
      0.0267978    6.11300e+23
      0.0268132    6.18600e+23
      0.0268285    6.25400e+23
      0.0268434    6.31700e+23
      0.0268581    6.37400e+23
      0.0268725    6.41800e+23
      0.0268867    6.45200e+23
      0.0269007    6.48200e+23
      0.0269144    6.50900e+23
      0.0269280    6.53200e+23
      0.0269413    6.55000e+23
      0.0269545    6.56500e+23
      0.0269676    6.57800e+23
      0.0269805    6.58800e+23
      0.0269932    6.59500e+23
      0.0270058    6.59600e+23
      0.0270182    6.59300e+23
      0.0270305    6.58700e+23
      0.0270427    6.57900e+23
      0.0270548    6.56800e+23
      0.0270668    6.55200e+23
      0.0270787    6.53100e+23
      0.0270905    6.50500e+23
      0.0271022    6.47300e+23
      0.0271139    6.43500e+23
      0.0271255    6.38900e+23
      0.0271370    6.33300e+23
      0.0271486    6.26200e+23
      0.0271601    6.16600e+23
      0.0271717    6.02100e+23
      0.0271835    5.78300e+23
      0.0271956    5.30900e+23
      0.0272087    4.30100e+23
      0.0272247    2.71200e+23
      0.0272480    1.98900e+23
      0.0272795    1.62800e+23
      0.0273187    1.29200e+23
      0.0273668    1.03100e+23
      0.0274260    8.49700e+22
      0.0274985    7.14200e+22
      0.0275844    6.13800e+22
      0.0276827    5.40700e+22
      0.0277925    4.86300e+22
      0.0279128    4.42400e+22
      0.0280430    4.05100e+22
      0.0281826    3.73600e+22
      0.0283310    3.46600e+22
      0.0284880    3.22700e+22
      0.0286533    3.01300e+22
      0.0288268    2.81400e+22
      0.0290087    2.62000e+22
      0.0292000    2.41100e+22
      0.0294033    2.69800e+22
      0.0296288    2.39200e+22
      0.0298766    2.18200e+22
      0.0301412    2.00500e+22
      0.0304213    1.85100e+22
      0.0307161    1.71700e+22
      0.0310250    1.59800e+22
      0.0313470    1.49100e+22
      0.0316817    1.39600e+22
      0.0320282    1.30900e+22
      0.0323861    1.23000e+22
      0.0327550    1.15700e+22
      0.0331343    1.09100e+22
      0.0335236    1.02900e+22
      0.0339228    9.72500e+21
      0.0343312    9.18900e+21
      0.0347491    8.67000e+21
      0.0351771    8.16100e+21
      0.0356164    7.68900e+21
      0.0360666    7.23600e+21
      0.0365285    6.80100e+21
      0.0370027    6.39500e+21
      0.0374893    6.02000e+21
      0.0379878    5.67100e+21
      0.0384980    5.34900e+21
      0.0390193    5.05300e+21
      0.0395512    4.78000e+21
      0.0400929    4.52800e+21
      0.0406439    4.29300e+21
      0.0412037    4.07500e+21
      0.0417719    3.87200e+21
      0.0423478    3.68300e+21
      0.0429310    3.50600e+21
      0.0435213    3.34000e+21
      0.0441182    3.18500e+21
      0.0447214    3.03900e+21
      0.0453305    2.90200e+21
      0.0459452    2.77200e+21
      0.0465654    2.65000e+21
      0.0471908    2.53400e+21
      0.0478212    2.42500e+21
      0.0484565    2.32100e+21
      0.0490964    2.22300e+21
      0.0497408    2.13000e+21
      0.0503895    2.04300e+21
      0.0510421    1.96000e+21
      0.0516986    1.88200e+21
      0.0523584    1.80800e+21
      0.0530214    1.73800e+21
      0.0536872    1.67200e+21
      0.0543558    1.60900e+21
      0.0550269    1.54900e+21
      0.0557002    1.49300e+21
      0.0563753    1.44000e+21
      0.0570519    1.39000e+21
      0.0577294    1.34300e+21
      0.0584077    1.29800e+21
      0.0590864    1.25600e+21
      0.0597651    1.21600e+21
      0.0604434    1.17900e+21
      0.0611210    1.14300e+21
      0.0617974    1.11000e+21
      0.0624723    1.07800e+21
      0.0631455    1.04800e+21
      0.0638167    1.01900e+21
      0.0644858    9.91800e+20
      0.0651525    9.65500e+20
      0.0658168    9.40300e+20
      0.0664786    9.16400e+20
      0.0671377    8.93300e+20
      0.0677941    8.71300e+20
      0.0684477    8.50000e+20
      0.0690984    8.29600e+20
      0.0697461    8.09800e+20
      0.0703910    7.90800e+20
      0.0710330    7.72400e+20
      0.0716721    7.54500e+20
      0.0723084    7.37400e+20
      0.0729417    7.20700e+20
      0.0735722    7.04700e+20
      0.0741998    6.89100e+20
      0.0748245    6.74200e+20
      0.0754462    6.59800e+20
      0.0760650    6.45900e+20
      0.0766807    6.32300e+20
      0.0772933    6.19500e+20
      0.0779027    6.07000e+20
      0.0785089    5.94900e+20
      0.0791119    5.83500e+20
      0.0797114    5.72300e+20
      0.0803074    5.61800e+20
      0.0808998    5.51400e+20
      0.0814886    5.41400e+20
      0.0820739    5.31700e+20
      0.0826555    5.22200e+20
      0.0832337    5.13000e+20
      0.0838083    5.03800e+20
      0.0843797    4.95000e+20
      0.0849477    4.86400e+20
      0.0855125    4.77800e+20
      0.0860742    4.69300e+20
      0.0866330    4.60600e+20
      0.0871895    4.51700e+20
      0.0877442    4.43500e+20
      0.0882964    4.35400e+20
      0.0888466    4.27200e+20
      0.0893948    4.18900e+20
      0.0899416    4.10300e+20
      0.0904875    4.01400e+20
      0.0910335    3.92500e+20
      0.0915795    3.83100e+20
      0.0921268    3.73700e+20
      0.0926758    3.64600e+20
      0.0932263    3.54700e+20
      0.0937798    3.44100e+20
      0.0943380    3.34100e+20
      0.0949006    3.24600e+20
      0.0954670    3.14800e+20
      0.0960384    3.04200e+20
      0.0966169    2.94500e+20
      0.0972012    2.86500e+20
      0.0977888    2.80100e+20
      0.0983769    2.74600e+20
      0.0989634    2.69800e+20
      0.0995476    2.65200e+20
       0.100129    2.60700e+20
       0.100708    2.56300e+20
       0.101284    2.51900e+20
       0.101859    2.47200e+20
       0.102431    2.42700e+20
       0.103002    2.38000e+20
       0.103572    2.33600e+20
       0.104141    2.28800e+20
       0.104710    2.24700e+20
       0.105277    2.20100e+20
       0.105844    2.15700e+20
       0.106411    2.11600e+20
       0.106976    2.06800e+20
       0.107543    2.03300e+20
       0.108109    1.98600e+20
       0.108675    1.94200e+20
       0.109243    1.91400e+20
       0.109808    1.86400e+20
       0.110376    1.82200e+20
       0.110945    1.79200e+20
       0.111513    1.73200e+20
       0.112088    1.68000e+20
       0.112669    1.66400e+20
       0.113244    1.62000e+20
       0.113823    1.53500e+20
       0.114421    1.43500e+20
       0.115048    1.33300e+20
       0.115709    1.24500e+20
       0.116401    1.18000e+20
       0.117116    1.14100e+20
       0.117839    1.10500e+20
       0.118569    1.08100e+20
       0.119298    1.04900e+20
       0.120032    1.02900e+20
       0.120765    1.00300e+20
       0.121500    9.79700e+19
       0.122236    9.59800e+19
       0.122971    9.32300e+19
       0.123712    9.15800e+19
       0.124449    8.93000e+19
       0.125189    8.71400e+19
       0.125931    8.51900e+19
       0.126673    8.32100e+19
       0.127417    8.21900e+19
       0.128153    7.98500e+19
       0.128895    7.64800e+19
       0.129654    7.58700e+19
       0.130402    7.57600e+19
       0.131135    7.17100e+19
       0.131893    6.54900e+19
       0.132705    5.89300e+19
       0.133588    5.33500e+19
       0.134539    4.96800e+19
       0.135536    4.76600e+19
       0.136550    4.61500e+19
       0.137572    4.46200e+19
       0.138602    4.33000e+19
       0.139637    4.22800e+19
       0.140672    4.04600e+19
       0.141727    3.94200e+19
       0.142782    3.90300e+19
       0.143823    3.68000e+19
       0.144899    3.50200e+19
       0.146002    3.51000e+19
       0.147075    3.39800e+19
       0.148157    3.10900e+19
       0.149310    2.82700e+19
       0.150546    2.62400e+19
       0.151842    2.47200e+19
       0.153180    2.38000e+19
       0.154532    2.28900e+19
       0.155900    2.13200e+19
       0.157328    1.96100e+19
       0.158836    1.82600e+19
       0.160409    1.72200e+19
       0.162028    1.63500e+19
       0.163682    1.55500e+19
       0.165369    1.47900e+19
       0.167089    1.40500e+19
       0.168844    1.33500e+19
       0.170637    1.26600e+19
       0.172468    1.19900e+19
       0.174341    1.13500e+19
       0.176258    1.07200e+19
       0.178223    1.01200e+19
       0.180239    9.54000e+18
       0.182309    8.97900e+18
       0.184436    8.42100e+18
       0.186630    7.87100e+18
       0.188899    7.33800e+18
       0.191250    6.79200e+18
       0.193703    6.21700e+18
       0.196287    5.63600e+18
       0.199034    5.05500e+18
       0.202009    4.48400e+18
       0.205262    3.92200e+18
       0.208859    3.37300e+18
       0.212891    2.83800e+18
       0.217494    2.31200e+18
       0.222888    1.77400e+18
       0.229550    1.23300e+18
       0.238505    6.93200e+17
       0.252952    2.17300e+17
       0.290584        0.00000
