        0.00000        0.00000
     0.00710665    0.000253458
     0.00895380    0.000381062
      0.0102497    0.000430205
      0.0112811    0.000332831
      0.0121522    0.000534310
      0.0129136    0.000781800
      0.0135945    0.000639916
      0.0142135    0.000181429
      0.0147828     0.00126357
      0.0153107    0.000810907
      0.0158050    0.000979567
      0.0162704    0.000414665
      0.0167101    0.000802537
      0.0171279     0.00150581
      0.0175263     0.00184799
      0.0179079    0.000423694
      0.0182729     0.00304261
      0.0186248     0.00240901
      0.0189630     0.00539148
      0.0192899     0.00740732
      0.0196065     0.00969110
      0.0199121      0.0143615
      0.0202097      0.0166041
      0.0204975      0.0364182
      0.0207776      0.0552475
      0.0210495      0.0682664
      0.0213131      0.0778597
      0.0215711      0.0892252
      0.0218218      0.0989531
      0.0220661       0.108779
      0.0223046       0.119277
      0.0225371       0.127043
      0.0227641       0.133032
      0.0229851       0.155425
      0.0231965       0.324081
      0.0233826       0.578910
      0.0235270       0.735965
      0.0236262        1.05451
      0.0236862        1.31879
      0.0237208        1.48895
      0.0237490        1.51636
      0.0237749        1.55603
      0.0237992        1.60379
      0.0238223        1.63063
      0.0238438        1.64759
      0.0238642        1.67867
      0.0238839        1.69802
      0.0239026        1.71321
      0.0239206        1.73254
      0.0239379        1.74537
      0.0239546        1.75996
      0.0239708        1.77526
      0.0239864        1.78403
      0.0240016        1.79756
      0.0240163        1.80913
      0.0240307        1.81884
      0.0240447        1.83157
      0.0240584        1.84227
      0.0240717        1.85342
      0.0240848        1.86746
      0.0240976        1.87948
      0.0241102        1.89270
      0.0241226        1.90721
      0.0241348        1.92052
      0.0241468        1.93477
      0.0241586        1.94993
      0.0241702        1.96161
      0.0241816        1.97556
      0.0241929        1.98859
      0.0242040        2.00015
      0.0242149        2.01230
      0.0242257        2.02443
      0.0242363        2.03455
      0.0242468        2.04527
      0.0242571        2.05526
      0.0242673        2.06576
      0.0242773        2.07421
      0.0242872        2.08401
      0.0242970        2.09316
      0.0243066        2.10078
      0.0243161        2.10974
      0.0243255        2.11695
      0.0243348        2.12490
      0.0243439        2.13162
      0.0243529        2.13972
      0.0243619        2.14600
      0.0243707        2.15246
      0.0243794        2.15971
      0.0243880        2.16523
      0.0243966        2.17194
      0.0244050        2.17811
      0.0244133        2.18393
      0.0244216        2.18944
      0.0244298        2.19477
      0.0244378        2.20023
      0.0244458        2.20560
      0.0244538        2.21154
      0.0244616        2.21687
      0.0244694        2.22116
      0.0244771        2.22610
      0.0244847        2.23036
      0.0244922        2.23617
      0.0244997        2.24079
      0.0245072        2.24450
      0.0245145        2.24876
      0.0245218        2.25374
      0.0245291        2.25808
      0.0245362        2.26117
      0.0245434        2.26655
      0.0245504        2.26986
      0.0245574        2.27323
      0.0245644        2.27776
      0.0245713        2.28082
      0.0245782        2.28557
      0.0245850        2.28828
      0.0245917        2.29248
      0.0245985        2.29532
      0.0246051        2.29905
      0.0246118        2.30192
      0.0246184        2.30519
      0.0246249        2.30816
      0.0246314        2.31178
      0.0246379        2.31502
      0.0246443        2.31721
      0.0246507        2.32055
      0.0246570        2.32355
      0.0246633        2.32593
      0.0246696        2.32891
      0.0246758        2.33224
      0.0246820        2.33438
      0.0246882        2.33681
      0.0246943        2.33994
      0.0247004        2.34311
      0.0247065        2.34480
      0.0247125        2.34717
      0.0247185        2.35039
      0.0247245        2.35269
      0.0247304        2.35530
      0.0247363        2.35785
      0.0247422        2.36086
      0.0247480        2.36250
      0.0247538        2.36490
      0.0247596        2.36721
      0.0247654        2.36976
      0.0247711        2.37203
      0.0247768        2.37516
      0.0247825        2.37749
      0.0247881        2.37975
      0.0247937        2.38255
      0.0247993        2.59037
      0.0251174        2.96445
      0.0253287        3.46315
      0.0254721        3.86928
      0.0255816        4.18152
      0.0256688        4.46030
      0.0257399        4.74821
      0.0257995        5.02857
      0.0258506        5.28911
      0.0258951        5.52316
      0.0259341        5.76236
      0.0259682        5.99208
      0.0259983        6.20493
      0.0260252        6.37055
      0.0260497        6.49278
      0.0260721        6.57875
      0.0260931        6.64297
      0.0261129        6.67524
      0.0261317        6.69270
      0.0261498        6.70054
      0.0261673        6.69113
      0.0261843        6.66753
      0.0262008        6.64560
      0.0262169        6.61622
      0.0262328        6.57405
      0.0262485        6.52484
      0.0262639        6.47746
      0.0262790        6.42404
      0.0262941        6.36396
      0.0263089        6.29729
      0.0263236        6.23667
      0.0263381        6.16839
      0.0263525        6.10439
      0.0263669        6.03796
      0.0263811        5.96366
      0.0263952        5.88970
      0.0264092        5.79427
      0.0264230        5.70109
      0.0264368        5.60904
      0.0264505        5.52214
      0.0264641        5.43458
      0.0264777        5.34619
      0.0264913        5.26310
      0.0265048        5.18179
      0.0265184        5.12186
      0.0265319        5.06858
      0.0265454        5.02002
      0.0265589        4.97275
      0.0265724        4.92768
      0.0265859        4.88660
      0.0265994        4.84475
      0.0266130        4.80335
      0.0266266        4.75968
      0.0266403        4.71529
      0.0266540        4.67094
      0.0266678        4.62686
      0.0266817        4.57953
      0.0266957        4.53295
      0.0267098        4.48428
      0.0267240        4.43316
      0.0267384        4.38070
      0.0267530        4.32784
      0.0267677        4.27527
      0.0267827        4.22283
      0.0267978        4.17076
      0.0268132        4.12022
      0.0268285        4.07061
      0.0268434        4.02315
      0.0268581        3.97822
      0.0268725        3.93370
      0.0268867        3.89237
      0.0269007        3.85131
      0.0269144        3.81163
      0.0269280        3.77233
      0.0269413        3.73488
      0.0269545        3.69865
      0.0269676        3.66200
      0.0269805        3.62665
      0.0269932        3.59228
      0.0270058        3.55924
      0.0270182        3.52685
      0.0270305        3.49489
      0.0270427        3.46376
      0.0270548        3.43217
      0.0270668        3.40104
      0.0270787        3.37049
      0.0270905        3.34017
      0.0271022        3.30938
      0.0271139        3.27817
      0.0271255        3.24654
      0.0271370        3.21395
      0.0271486        3.17768
      0.0271601        3.13685
      0.0271717        3.08468
      0.0271835        3.00968
      0.0271956        2.87658
      0.0272087        2.59454
      0.0272247        2.15705
      0.0272480        1.82011
      0.0272795        1.58248
      0.0273187        1.39841
      0.0273668        1.22815
      0.0274260        1.06697
      0.0274985       0.931429
      0.0275844       0.824031
      0.0276827       0.736783
      0.0277925       0.661778
      0.0279128       0.595722
      0.0280430       0.537059
      0.0281826       0.483305
      0.0283310       0.433113
      0.0284880       0.386116
      0.0286533       0.341450
      0.0288268       0.297931
      0.0290087       0.255240
      0.0292000       0.211559
      0.0294033       0.185192
      0.0296288       0.133572
      0.0298766      0.0866053
      0.0301412      0.0420733
      0.0304213    0.000896380
      0.0307161      0.0411667
      0.0310250      0.0805088
      0.0313470       0.117817
      0.0316817       0.153850
      0.0320282       0.188478
      0.0323861       0.221703
      0.0327550       0.253736
      0.0331343       0.284544
      0.0335236       0.314427
      0.0339228       0.343448
      0.0343312       0.372107
      0.0347491       0.400812
      0.0351771       0.431852
      0.0356164       0.462705
      0.0360666       0.492794
      0.0365285       0.524129
      0.0370027       0.555542
      0.0374893       0.586592
      0.0379878       0.618584
      0.0384980       0.651070
      0.0390193       0.684340
      0.0395512       0.717467
      0.0400929       0.750003
      0.0406439       0.782907
      0.0412037       0.815215
      0.0417719       0.847120
      0.0423478       0.878434
      0.0429310       0.909146
      0.0435213       0.939672
      0.0441182       0.969267
      0.0447214       0.999047
      0.0453305        1.02759
      0.0459452        1.05601
      0.0465654        1.08394
      0.0471908        1.11170
      0.0478212        1.13885
      0.0484565        1.16605
      0.0490964        1.19294
      0.0497408        1.21944
      0.0503895        1.24582
      0.0510421        1.27226
      0.0516986        1.29871
      0.0523584        1.32494
      0.0530214        1.35125
      0.0536872        1.37694
      0.0543558        1.40254
      0.0550269        1.42797
      0.0557002        1.45299
      0.0563753        1.47784
      0.0570519        1.50248
      0.0577294        1.52700
      0.0584077        1.55084
      0.0590864        1.57410
      0.0597651        1.59759
      0.0604434        1.62001
      0.0611210        1.64291
      0.0617974        1.66453
      0.0624723        1.68601
      0.0631455        1.70681
      0.0638167        1.72736
      0.0644858        1.74735
      0.0651525        1.76641
      0.0658168        1.78532
      0.0664786        1.80336
      0.0671377        1.82106
      0.0677941        1.83834
      0.0684477        1.85508
      0.0690984        1.87108
      0.0697461        1.88659
      0.0703910        1.90231
      0.0710330        1.91679
      0.0716721        1.93108
      0.0723084        1.94501
      0.0729417        1.95841
      0.0735722        1.97087
      0.0741998        1.98372
      0.0748245        1.99556
      0.0754462        2.00752
      0.0760650        2.01908
      0.0766807        2.03088
      0.0772933        2.04161
      0.0779027        2.05259
      0.0785089        2.06330
      0.0791119        2.07428
      0.0797114        2.08504
      0.0803074        2.09540
      0.0808998        2.10537
      0.0814886        2.11558
      0.0820739        2.12637
      0.0826555        2.13572
      0.0832337        2.14548
      0.0838083        2.15594
      0.0843797        2.16565
      0.0849477        2.17521
      0.0855125        2.18363
      0.0860742        2.19298
      0.0866330        2.20203
      0.0871895        2.21112
      0.0877442        2.22034
      0.0882964        2.22926
      0.0888466        2.23826
      0.0893948        2.24658
      0.0899416        2.25451
      0.0904875        2.26139
      0.0910335        2.26704
      0.0915795        2.27240
      0.0921268        2.27586
      0.0926758        2.27935
      0.0932263        2.28352
      0.0937798        2.28403
      0.0943380        2.28435
      0.0949006        2.28589
      0.0954670        2.28672
      0.0960384        2.28441
      0.0966169        2.28164
      0.0972012        2.28161
      0.0977888        2.28551
      0.0983769        2.29330
      0.0989634        2.30242
      0.0995476        2.31292
       0.100129        2.32447
       0.100708        2.33410
       0.101284        2.34447
       0.101859        2.35455
       0.102431        2.36431
       0.103002        2.37386
       0.103572        2.38289
       0.104141        2.39213
       0.104710        2.40071
       0.105277        2.41088
       0.105844        2.41792
       0.106411        2.42954
       0.106976        2.43737
       0.107543        2.44673
       0.108109        2.45904
       0.108675        2.46290
       0.109243        2.47518
       0.109808        2.48648
       0.110376        2.48904
       0.110945        2.50096
       0.111513        2.50862
       0.112088        2.50350
       0.112669        2.51430
       0.113244        2.53128
       0.113823        2.52348
       0.114421        2.50293
       0.115048        2.47280
       0.115709        2.44033
       0.116401        2.41313
       0.117116        2.40882
       0.117839        2.41279
       0.118569        2.42481
       0.119298        2.43645
       0.120032        2.44591
       0.120765        2.46439
       0.121500        2.47246
       0.122236        2.49241
       0.122971        2.50420
       0.123712        2.51902
       0.124449        2.53790
       0.125189        2.54838
       0.125931        2.56615
       0.126673        2.57956
       0.127417        2.60021
       0.128153        2.62434
       0.128895        2.62187
       0.129654        2.62865
       0.130402        2.66994
       0.131135        2.68519
       0.131893        2.66064
       0.132705        2.61389
       0.133588        2.56002
       0.134539        2.51597
       0.135536        2.51076
       0.136550        2.52438
       0.137572        2.54189
       0.138602        2.55694
       0.139637        2.58293
       0.140672        2.59960
       0.141727        2.60884
       0.142782        2.64865
       0.143823        2.66842
       0.144899        2.65181
       0.146002        2.67906
       0.147075        2.72758
       0.148157        2.71848
       0.149310        2.68136
       0.150546        2.65393
       0.151842        2.64907
       0.153180        2.66276
       0.154532        2.69185
       0.155900        2.70194
       0.157328        2.68767
       0.158836        2.67845
       0.160409        2.68524
       0.162028        2.70228
       0.163682        2.72439
       0.165369        2.74949
       0.167089        2.77653
       0.168844        2.80316
       0.170637        2.83152
       0.172468        2.86131
       0.174341        2.89030
       0.176258        2.92188
       0.178223        2.95233
       0.180239        2.98539
       0.182309        3.01812
       0.184436        3.05260
       0.186630        3.08838
       0.188899        3.12863
       0.191250        3.17084
       0.193703        3.21830
       0.196287        3.27723
       0.199034        3.34082
       0.202009        3.41307
       0.205262        3.48809
       0.208859        3.57291
       0.212891        3.66424
       0.217494        3.76990
       0.222888        3.88936
       0.229550        4.05328
       0.238505        4.24930
       0.252952        4.64779
