        0.00000        1.85100
     0.00710665        1.85800
     0.00895380        1.86200
      0.0102497        1.86000
      0.0112811        1.86200
      0.0121522        1.86500
      0.0129136        1.87000
      0.0135945        1.87300
      0.0142135        1.87400
      0.0147828        1.87000
      0.0153107        1.87500
      0.0158050        1.88100
      0.0162704        1.88600
      0.0167101        1.89700
      0.0171279        1.91800
      0.0175263        1.95400
      0.0179079        2.01300
      0.0182729        2.11700
      0.0186248        2.27000
      0.0189630        2.49900
      0.0192899        2.85600
      0.0196065        3.34600
      0.0199121        3.83800
      0.0202097        7.21500
      0.0204975        20.1700
      0.0207776        29.9300
      0.0210495        38.3800
      0.0213131        46.9400
      0.0215711        56.3400
      0.0218218        66.5500
      0.0220661        76.6000
      0.0223046        85.0600
      0.0225371        91.5600
      0.0227641        96.5800
      0.0229851        101.500
      0.0231965        107.400
      0.0233826        112.500
      0.0235270        115.400
      0.0236262        116.100
      0.0236862        116.100
      0.0237208        115.200
      0.0237490        114.900
      0.0237749        114.700
      0.0237992        114.500
      0.0238223        114.400
      0.0238438        114.300
      0.0238642        114.200
      0.0238839        114.100
      0.0239026        114.000
      0.0239206        113.800
      0.0239379        113.600
      0.0239546        113.400
      0.0239708        113.200
      0.0239864        113.000
      0.0240016        112.900
      0.0240163        112.700
      0.0240307        112.500
      0.0240447        112.300
      0.0240584        112.200
      0.0240717        112.000
      0.0240848        111.800
      0.0240976        111.600
      0.0241102        111.400
      0.0241226        111.200
      0.0241348        111.000
      0.0241468        110.700
      0.0241586        110.500
      0.0241702        110.300
      0.0241816        110.000
      0.0241929        109.800
      0.0242040        109.600
      0.0242149        109.300
      0.0242257        109.100
      0.0242363        108.800
      0.0242468        108.600
      0.0242571        108.400
      0.0242673        108.100
      0.0242773        107.900
      0.0242872        107.600
      0.0242970        107.300
      0.0243066        107.100
      0.0243161        106.800
      0.0243255        106.600
      0.0243348        106.300
      0.0243439        106.100
      0.0243529        105.800
      0.0243619        105.600
      0.0243707        105.300
      0.0243794        105.000
      0.0243880        104.800
      0.0243966        104.500
      0.0244050        104.300
      0.0244133        104.000
      0.0244216        103.700
      0.0244298        103.500
      0.0244378        103.200
      0.0244458        103.000
      0.0244538        102.700
      0.0244616        102.400
      0.0244694        102.200
      0.0244771        101.900
      0.0244847        101.600
      0.0244922        101.400
      0.0244997        101.100
      0.0245072        100.900
      0.0245145        100.600
      0.0245218        100.300
      0.0245291        100.100
      0.0245362        99.8000
      0.0245434        99.5300
      0.0245504        99.2700
      0.0245574        99.0000
      0.0245644        98.7300
      0.0245713        98.4700
      0.0245782        98.2000
      0.0245850        97.9300
      0.0245917        97.6600
      0.0245985        97.3900
      0.0246051        97.1200
      0.0246118        96.8500
      0.0246184        96.5800
      0.0246249        96.3100
      0.0246314        96.0400
      0.0246379        95.7600
      0.0246443        95.4900
      0.0246507        95.2100
      0.0246570        94.9400
      0.0246633        94.6600
      0.0246696        94.3800
      0.0246758        94.1100
      0.0246820        93.8300
      0.0246882        93.5500
      0.0246943        93.2700
      0.0247004        92.9800
      0.0247065        92.7000
      0.0247125        92.4100
      0.0247185        92.1300
      0.0247245        91.8400
      0.0247304        91.5600
      0.0247363        91.2700
      0.0247422        90.9800
      0.0247480        90.6900
      0.0247538        90.4000
      0.0247596        90.1100
      0.0247654        89.8100
      0.0247711        89.5100
      0.0247768        89.2100
      0.0247825        88.9000
      0.0247881        88.5800
      0.0247937        88.2600
      0.0247993        78.1300
      0.0251174        55.3700
      0.0253287        38.9400
      0.0254721        30.7600
      0.0255816        25.7600
      0.0256688        22.4100
      0.0257399        19.9900
      0.0257995        18.0500
      0.0258506        16.4000
      0.0258951        15.0000
      0.0259341        13.8100
      0.0259682        12.8300
      0.0259983        12.0500
      0.0260252        11.4700
      0.0260497        11.0600
      0.0260721        10.7800
      0.0260931        10.5700
      0.0261129        10.4500
      0.0261317        10.3800
      0.0261498        10.3400
      0.0261673        10.3300
      0.0261843        10.3700
      0.0262008        10.4100
      0.0262169        10.4600
      0.0262328        10.5500
      0.0262485        10.6600
      0.0262639        10.7800
      0.0262790        10.9100
      0.0262941        11.0600
      0.0263089        11.2400
      0.0263236        11.4100
      0.0263381        11.6100
      0.0263525        11.8000
      0.0263669        12.0200
      0.0263811        12.2600
      0.0263952        12.5200
      0.0264092        12.8000
      0.0264230        13.0800
      0.0264368        13.3700
      0.0264505        13.6600
      0.0264641        13.9600
      0.0264777        14.2700
      0.0264913        14.5800
      0.0265048        14.8900
      0.0265184        15.2100
      0.0265319        15.5200
      0.0265454        15.8100
      0.0265589        16.1000
      0.0265724        16.3900
      0.0265859        16.6700
      0.0265994        16.9600
      0.0266130        17.2500
      0.0266266        17.5600
      0.0266403        17.8900
      0.0266540        18.2300
      0.0266678        18.5800
      0.0266817        18.9600
      0.0266957        19.3500
      0.0267098        19.7800
      0.0267240        20.2200
      0.0267384        20.6800
      0.0267530        21.1600
      0.0267677        21.6500
      0.0267827        22.1500
      0.0267978        22.6700
      0.0268132        23.2000
      0.0268285        23.7300
      0.0268434        24.2500
      0.0268581        24.7700
      0.0268725        25.2900
      0.0268867        25.8100
      0.0269007        26.3400
      0.0269144        26.8700
      0.0269280        27.4000
      0.0269413        27.9300
      0.0269545        28.4600
      0.0269676        29.0000
      0.0269805        29.5400
      0.0269932        30.0800
      0.0270058        30.6200
      0.0270182        31.1600
      0.0270305        31.7100
      0.0270427        32.2600
      0.0270548        32.8300
      0.0270668        33.4000
      0.0270787        33.9800
      0.0270905        34.5700
      0.0271022        35.1900
      0.0271139        35.8300
      0.0271255        36.5100
      0.0271370        37.2300
      0.0271486        38.0300
      0.0271601        38.9800
      0.0271717        40.2500
      0.0271835        42.2200
      0.0271956        46.0900
      0.0272087        56.5200
      0.0272247        82.0600
      0.0272480        110.400
      0.0272795        139.000
      0.0273187        172.800
      0.0273668        217.400
      0.0274260        271.300
      0.0274985        325.600
      0.0275844        376.100
      0.0276827        423.300
      0.0277925        468.000
      0.0279128        511.200
      0.0280430        553.100
      0.0281826        594.200
      0.0283310        634.700
      0.0284880        674.500
      0.0286533        713.800
      0.0288268        752.700
      0.0290087        791.300
      0.0292000        830.900
      0.0294033        879.600
      0.0296288        948.000
      0.0298766        1014.00
      0.0301412        1077.00
      0.0304213        1138.00
      0.0307161        1197.00
      0.0310250        1254.00
      0.0313470        1308.00
      0.0316817        1361.00
      0.0320282        1412.00
      0.0323861        1462.00
      0.0327550        1511.00
      0.0331343        1558.00
      0.0335236        1605.00
      0.0339228        1651.00
      0.0343312        1697.00
      0.0347491        1744.00
      0.0351771        1791.00
      0.0356164        1839.00
      0.0360666        1885.00
      0.0365285        1930.00
      0.0370027        1973.00
      0.0374893        2015.00
      0.0379878        2054.00
      0.0384980        2091.00
      0.0390193        2125.00
      0.0395512        2157.00
      0.0400929        2188.00
      0.0406439        2216.00
      0.0412037        2242.00
      0.0417719        2266.00
      0.0423478        2288.00
      0.0429310        2309.00
      0.0435213        2328.00
      0.0441182        2346.00
      0.0447214        2362.00
      0.0453305        2377.00
      0.0459452        2391.00
      0.0465654        2403.00
      0.0471908        2414.00
      0.0478212        2423.00
      0.0484565        2431.00
      0.0490964        2437.00
      0.0497408        2442.00
      0.0503895        2445.00
      0.0510421        2448.00
      0.0516986        2448.00
      0.0523584        2448.00
      0.0530214        2446.00
      0.0536872        2443.00
      0.0543558        2439.00
      0.0550269        2434.00
      0.0557002        2428.00
      0.0563753        2422.00
      0.0570519        2415.00
      0.0577294        2407.00
      0.0584077        2399.00
      0.0590864        2391.00
      0.0597651        2382.00
      0.0604434        2373.00
      0.0611210        2364.00
      0.0617974        2355.00
      0.0624723        2346.00
      0.0631455        2338.00
      0.0638167        2329.00
      0.0644858        2320.00
      0.0651525        2312.00
      0.0658168        2303.00
      0.0664786        2295.00
      0.0671377        2287.00
      0.0677941        2279.00
      0.0684477        2271.00
      0.0690984        2263.00
      0.0697461        2256.00
      0.0703910        2248.00
      0.0710330        2241.00
      0.0716721        2234.00
      0.0723084        2227.00
      0.0729417        2221.00
      0.0735722        2214.00
      0.0741998        2208.00
      0.0748245        2201.00
      0.0754462        2195.00
      0.0760650        2189.00
      0.0766807        2184.00
      0.0772933        2178.00
      0.0779027        2172.00
      0.0785089        2167.00
      0.0791119        2162.00
      0.0797114        2156.00
      0.0803074        2151.00
      0.0808998        2146.00
      0.0814886        2142.00
      0.0820739        2137.00
      0.0826555        2132.00
      0.0832337        2128.00
      0.0838083        2124.00
      0.0843797        2120.00
      0.0849477        2116.00
      0.0855125        2113.00
      0.0860742        2109.00
      0.0866330        2105.00
      0.0871895        2102.00
      0.0877442        2098.00
      0.0882964        2094.00
      0.0888466        2091.00
      0.0893948        2088.00
      0.0899416        2085.00
      0.0904875        2082.00
      0.0910335        2080.00
      0.0915795        2077.00
      0.0921268        2075.00
      0.0926758        2072.00
      0.0932263        2070.00
      0.0937798        2067.00
      0.0943380        2065.00
      0.0949006        2062.00
      0.0954670        2060.00
      0.0960384        2057.00
      0.0966169        2055.00
      0.0972012        2052.00
      0.0977888        2050.00
      0.0983769        2047.00
      0.0989634        2045.00
      0.0995476        2043.00
       0.100129        2040.00
       0.100708        2039.00
       0.101284        2037.00
       0.101859        2034.00
       0.102431        2033.00
       0.103002        2031.00
       0.103572        2029.00
       0.104141        2028.00
       0.104710        2026.00
       0.105277        2025.00
       0.105844        2024.00
       0.106411        2022.00
       0.106976        2021.00
       0.107543        2020.00
       0.108109        2018.00
       0.108675        2017.00
       0.109243        2016.00
       0.109808        2015.00
       0.110376        2014.00
       0.110945        2014.00
       0.111513        2012.00
       0.112088        2011.00
       0.112669        2011.00
       0.113244        2012.00
       0.113823        2011.00
       0.114421        2011.00
       0.115048        2010.00
       0.115709        2009.00
       0.116401        2007.00
       0.117116        2006.00
       0.117839        2004.00
       0.118569        2003.00
       0.119298        2002.00
       0.120032        2001.00
       0.120765        2000.00
       0.121500        1999.00
       0.122236        1999.00
       0.122971        1998.00
       0.123712        1998.00
       0.124449        1997.00
       0.125189        1997.00
       0.125931        1996.00
       0.126673        1996.00
       0.127417        1996.00
       0.128153        1995.00
       0.128895        1997.00
       0.129654        2003.00
       0.130402        2006.00
       0.131135        2007.00
       0.131893        2009.00
       0.132705        2010.00
       0.133588        2010.00
       0.134539        2010.00
       0.135536        2010.00
       0.136550        2010.00
       0.137572        2010.00
       0.138602        2010.00
       0.139637        2011.00
       0.140672        2011.00
       0.141727        2012.00
       0.142782        2014.00
       0.143823        2015.00
       0.144899        2024.00
       0.146002        2035.00
       0.147075        2039.00
       0.148157        2040.00
       0.149310        2041.00
       0.150546        2043.00
       0.151842        2043.00
       0.153180        2044.00
       0.154532        2046.00
       0.155900        2049.00
       0.157328        2051.00
       0.158836        2053.00
       0.160409        2055.00
       0.162028        2056.00
       0.163682        2059.00
       0.165369        2061.00
       0.167089        2064.00
       0.168844        2067.00
       0.170637        2070.00
       0.172468        2073.00
       0.174341        2077.00
       0.176258        2081.00
       0.178223        2086.00
       0.180239        2091.00
       0.182309        2096.00
       0.184436        2102.00
       0.186630        2109.00
       0.188899        2116.00
       0.191250        2124.00
       0.193703        2134.00
       0.196287        2144.00
       0.199034        2157.00
       0.202009        2170.00
       0.205262        2187.00
       0.208859        2206.00
       0.212891        2229.00
       0.217494        2256.00
       0.222888        2297.00
       0.229550        2344.00
       0.238505        2452.00
       0.252952        2518.00
       0.290584        0.00000
